PontoWeb				DESKTOP	
Pessoas	Basic	PRO	Ultimate	Pessoas	Valor
10	99,90	119,90	139,90	01 a 30 pessoas	87,64
20	115,80	148,20	206,40	31 a 50 pessoas	166,85
30	173,70	222,30	309,60	51 a 100 pessoas	294,57
40	231,60	296,40	412,80	101 a 200 pessoas	495,64
50	289,50	370,50	516,00	201 a 400 pessoas	813,47
60	320,40	414,00	572,40	401 a 600 pessoas	1295,66
70	373,80	483,00	667,80	601 a 800 pessoas	1694,94
80	427,20	552,00	763,20	801 a 1000 pessoas	2045,54
90	480,60	621,00	858,60	Acima de 1.000 pessoas	
100	534,00	690,00	954,00		
110	544,50	702,90	966,90		
120	594,00	766,80	1054,80		
130	643,50	830,70	1142,70		
140	693,00	894,60	1230,60		
150	742,50	958,50	1318,50		
160	792,00	1022,40	1406,40		
170	841,50	1086,30	1494,30		
180	891,00	1150,20	1582,20		
190	940,50	1214,10	1670,10		
200	990,00	1278,00	1758,00		
210	970,20	1247,40	1745,10		
220	1016,40	1306,80	1828,20		
230	1062,60	1366,20	1911,30		
240	1108,80	1425,60	1994,40		
250	1155,00	1485,00	2077,50		
260	1201,20	1544,40	2160,60		
270	1247,40	1603,80	2243,70		
280	1293,60	1663,20	2326,80		
290	1339,80	1722,60	2409,90		
300	1386,00	1782,00	2493,00		
310	1432,20	1841,40	2576,10		
320	1478,40	1900,80	2659,20		
330	1524,60	1960,20	2742,30		
340	1570,80	2019,60	2825,40		
350	1617,00	2079,00	2908,50		
360	1663,20	2138,40	2991,60		
370	1709,40	2197,80	3074,70		
380	1755,60	2257,20	3157,80		
390	1801,80	2316,60	3240,90		
400	1848,00	2376,00	3324,00		
410	1894,20	2435,40	3407,10		
420	1940,40	2494,80	3490,20		
430	1986,60	2554,20	3573,30		
440	2032,80	2613,60	3656,40		
450	2079,00	2673,00	3739,50		
460	2125,20	2732,40	3822,60		
470	2171,40	2791,80	3905,70		
480	2217,60	2851,20	3988,80		
490	2263,80	2910,60	4071,90		
500	2310,00	2970,00	4155,00		
510	2356,20	3029,40	4238,10		
520	2402,40	3088,80	4321,20		
530	2448,60	3148,20	4404,30		
540	2494,80	3207,60	4487,40		
550	2541,00	3267,00	4570,50		
560	2587,20	3326,40	4653,60		
570	2633,40	3385,80	4736,70		
580	2679,60	3445,20	4819,80		
590	2725,80	3504,60	4902,90		
600	2772,00	3564,00	4986,00		
610	2818,20	3623,40	5069,10		
620	2864,40	3682,80	5152,20		
630	2910,60	3742,20	5235,30		
640	2956,80	3801,60	5318,40		
650	3003,00	3861,00	5401,50		
660	3049,20	3920,40	5484,60		
670	3095,40	3979,80	5567,70		
680	3141,60	4039,20	5650,80		
690	3187,80	4098,60	5733,90		
700	3234,00	4158,00	5817,00		
710	3280,20	4217,40	5900,10		
720	3326,40	4276,80	5983,20		
730	3372,60	4336,20	6066,30		
740	3418,80	4395,60	6149,40		
750	3465,00	4455,00	6232,50		
760	3511,20	4514,40	6315,60		
770	3557,40	4573,80	6398,70		
780	3603,60	4633,20	6481,80		
790	3649,80	4692,60	6564,90		
800	3696,00	4752,00	6648,00		
810	3742,20	4811,40	6731,10		
820	3788,40	4870,80	6814,20		
830	3834,60	4930,20	6897,30		
840	3880,80	4989,60	6980,40		
850	3927,00	5049,00	7063,50		
860	3973,20	5108,40	7146,60		
870	4019,40	5167,80	7229,70		
880	4065,60	5227,20	7312,80		
890	4111,80	5286,60	7395,90		
900	4158,00	5346,00	7479,00		
910	4204,20	5405,40	7562,10		
920	4250,40	5464,80	7645,20		
930	4296,60	5524,20	7728,30		
940	4342,80	5583,60	7811,40		
950	4389,00	5643,00	7894,50		
960	4435,20	5702,40	7977,60		
970	4481,40	5761,80	8060,70		
980	4527,60	5821,20	8143,80		
990	4573,80	5880,60	8226,90		
1000	4620,00	5940,00	8310,00		
1010	3939,00	5060,10	6999,30		
1020	3978,00	5110,20	7068,60		
1030	4017,00	5160,30	7137,90		
1040	4056,00	5210,40	7207,20		
1050	4095,00	5260,50	7276,50		
1060	4134,00	5310,60	7345,80		
1070	4173,00	5360,70	7415,10		
1080	4212,00	5410,80	7484,40		
1090	4251,00	5460,90	7553,70		
1100	4290,00	5511,00	7623,00		
1110	4329,00	5561,10	7692,30		
1120	4368,00	5611,20	7761,60		
1130	4407,00	5661,30	7830,90		
1140	4446,00	5711,40	7900,20		
1150	4485,00	5761,50	7969,50		
1160	4524,00	5811,60	8038,80		
1170	4563,00	5861,70	8108,10		
1180	4602,00	5911,80	8177,40		
1190	4641,00	5961,90	8246,70		
1200	4680,00	6012,00	8316,00		
1210	4719,00	6062,10	8385,30		
1220	4758,00	6112,20	8454,60		
1230	4797,00	6162,30	8523,90		
1240	4836,00	6212,40	8593,20		
1250	4875,00	6262,50	8662,50		
1260	4914,00	6312,60	8731,80		
1270	4953,00	6362,70	8801,10		
1280	4992,00	6412,80	8870,40		
1290	5031,00	6462,90	8939,70		
1300	5070,00	6513,00	9009,00		
1310	5109,00	6563,10	9078,30		
1320	5148,00	6613,20	9147,60		
1330	5187,00	6663,30	9216,90		
1340	5226,00	6713,40	9286,20		
1350	5265,00	6763,50	9355,50		
1360	5304,00	6813,60	9424,80		
1370	5343,00	6863,70	9494,10		
1380	5382,00	6913,80	9563,40		
1390	5421,00	6963,90	9632,70		
1400	5460,00	7014,00	9702,00		
1410	5499,00	7064,10	9771,30		
1420	5538,00	7114,20	9840,60		
1430	5577,00	7164,30	9909,90		
1440	5616,00	7214,40	9979,20		
1450	5655,00	7264,50	10048,50		
1460	5694,00	7314,60	10117,80		
1470	5733,00	7364,70	10187,10		
1480	5772,00	7414,80	10256,40		
1490	5811,00	7464,90	10325,70		
1500	5850,00	7515,00	10395,00		
1510	5889,00	7565,10	10464,30		
1520	5928,00	7615,20	10533,60		
1530	5967,00	7665,30	10602,90		
1540	6006,00	7715,40	10672,20		
1550	6045,00	7765,50	10741,50		
1560	6084,00	7815,60	10810,80		
1570	6123,00	7865,70	10880,10		
1580	6162,00	7915,80	10949,40		
1590	6201,00	7965,90	11018,70		
1600	6240,00	8016,00	11088,00		
1610	6279,00	8066,10	11157,30		
1620	6318,00	8116,20	11226,60		
1630	6357,00	8166,30	11295,90		
1640	6396,00	8216,40	11365,20		
1650	6435,00	8266,50	11434,50		
1660	6474,00	8316,60	11503,80		
1670	6513,00	8366,70	11573,10		
1680	6552,00	8416,80	11642,40		
1690	6591,00	8466,90	11711,70		
1700	6630,00	8517,00	11781,00		
1710	6669,00	8567,10	11850,30		
1720	6708,00	8617,20	11919,60		
1730	6747,00	8667,30	11988,90		
1740	6786,00	8717,40	12058,20		
1750	6825,00	8767,50	12127,50		
1760	6864,00	8817,60	12196,80		
1770	6903,00	8867,70	12266,10		
1780	6942,00	8917,80	12335,40		
1790	6981,00	8967,90	12404,70		
1800	7020,00	9018,00	12474,00		
1810	7059,00	9068,10	12543,30		
1820	7098,00	9118,20	12612,60		
1830	7137,00	9168,30	12681,90		
1840	7176,00	9218,40	12751,20		
1850	7215,00	9268,50	12820,50		
1860	7254,00	9318,60	12889,80		
1870	7293,00	9368,70	12959,10		
1880	7332,00	9418,80	13028,40		
1890	7371,00	9468,90	13097,70		
1900	7410,00	9519,00	13167,00		
1910	7449,00	9569,10	13236,30		
1920	7488,00	9619,20	13305,60		
1930	7527,00	9669,30	13374,90		
1940	7566,00	9719,40	13444,20		
1950	7605,00	9769,50	13513,50		
1960	7644,00	9819,60	13582,80		
1970	7683,00	9869,70	13652,10		
1980	7722,00	9919,80	13721,40		
1990	7761,00	9969,90	13790,70		
2000	7800,00	10020,00	13860,00		
2010	7839,00	10070,10	13929,30		
2020	7878,00	10120,20	13998,60		
2030	7917,00	10170,30	14067,90		
2040	7956,00	10220,40	14137,20		
2050	7995,00	10270,50	14206,50		
2060	8034,00	10320,60	14275,80		
2070	8073,00	10370,70	14345,10		
2080	8112,00	10420,80	14414,40		
2090	8151,00	10470,90	14483,70		
2100	8190,00	10521,00	14553,00		
2110	8229,00	10571,10	14622,30		
2120	8268,00	10621,20	14691,60		
2130	8307,00	10671,30	14760,90		
2140	8346,00	10721,40	14830,20		
2150	8385,00	10771,50	14899,50		
2160	8424,00	10821,60	14968,80		
2170	8463,00	10871,70	15038,10		
2180	8502,00	10921,80	15107,40		
2190	8541,00	10971,90	15176,70		
2200	8580,00	11022,00	15246,00		
2210	8619,00	11072,10	15315,30		
2220	8658,00	11122,20	15384,60		
2230	8697,00	11172,30	15453,90		
2240	8736,00	11222,40	15523,20		
2250	8775,00	11272,50	15592,50		
2260	8814,00	11322,60	15661,80		
2270	8853,00	11372,70	15731,10		
2280	8892,00	11422,80	15800,40		
2290	8931,00	11472,90	15869,70		
2300	8970,00	11523,00	15939,00		
2310	9009,00	11573,10	16008,30		
2320	9048,00	11623,20	16077,60		
2330	9087,00	11673,30	16146,90		
2340	9126,00	11723,40	16216,20		
2350	9165,00	11773,50	16285,50		
2360	9204,00	11823,60	16354,80		
2370	9243,00	11873,70	16424,10		
2380	9282,00	11923,80	16493,40		
2390	9321,00	11973,90	16562,70		
2400	9360,00	12024,00	16632,00		
2410	9399,00	12074,10	16701,30		
2420	9438,00	12124,20	16770,60		
2430	9477,00	12174,30	16839,90		
2440	9516,00	12224,40	16909,20		
2450	9555,00	12274,50	16978,50		
2460	9594,00	12324,60	17047,80		
2470	9633,00	12374,70	17117,10		
2480	9672,00	12424,80	17186,40		
2490	9711,00	12474,90	17255,70		
2500	9750,00	12525,00	17325,00		
2510	9789,00	12575,10	17394,30		
2520	9828,00	12625,20	17463,60		
2530	9867,00	12675,30	17532,90		
2540	9906,00	12725,40	17602,20		
2550	9945,00	12775,50	17671,50		
2560	9984,00	12825,60	17740,80		
2570	10023,00	12875,70	17810,10		
2580	10062,00	12925,80	17879,40		
2590	10101,00	12975,90	17948,70		
2600	10140,00	13026,00	18018,00		
2610	10179,00	13076,10	18087,30		
2620	10218,00	13126,20	18156,60		
2630	10257,00	13176,30	18225,90		
2640	10296,00	13226,40	18295,20		
2650	10335,00	13276,50	18364,50		
2660	10374,00	13326,60	18433,80		
2670	10413,00	13376,70	18503,10		
2680	10452,00	13426,80	18572,40		
2690	10491,00	13476,90	18641,70		
2700	10530,00	13527,00	18711,00		
2710	10569,00	13577,10	18780,30		
2720	10608,00	13627,20	18849,60		
2730	10647,00	13677,30	18918,90		
2740	10686,00	13727,40	18988,20		
2750	10725,00	13777,50	19057,50		
2760	10764,00	13827,60	19126,80		
2770	10803,00	13877,70	19196,10		
2780	10842,00	13927,80	19265,40		
2790	10881,00	13977,90	19334,70		
2800	10920,00	14028,00	19404,00		
2810	10959,00	14078,10	19473,30		
2820	10998,00	14128,20	19542,60		
2830	11037,00	14178,30	19611,90		
2840	11076,00	14228,40	19681,20		
2850	11115,00	14278,50	19750,50		
2860	11154,00	14328,60	19819,80		
2870	11193,00	14378,70	19889,10		
2880	11232,00	14428,80	19958,40		
2890	11271,00	14478,90	20027,70		
2900	11310,00	14529,00	20097,00		
2910	11349,00	14579,10	20166,30		
2920	11388,00	14629,20	20235,60		
2930	11427,00	14679,30	20304,90		
2940	11466,00	14729,40	20374,20		
2950	11505,00	14779,50	20443,50		
2960	11544,00	14829,60	20512,80		
2970	11583,00	14879,70	20582,10		
2980	11622,00	14929,80	20651,40		
2990	11661,00	14979,90	20720,70		
3000	11700,00	15030,00	20790,00		
3010	11739,00	15080,10	20859,30		
3020	11778,00	15130,20	20928,60		
3030	11817,00	15180,30	20997,90		
3040	11856,00	15230,40	21067,20		
3050	11895,00	15280,50	21136,50		
3060	11934,00	15330,60	21205,80		
3070	11973,00	15380,70	21275,10		
3080	12012,00	15430,80	21344,40		
3090	12051,00	15480,90	21413,70		
3100	12090,00	15531,00	21483,00		
3110	12129,00	15581,10	21552,30		
3120	12168,00	15631,20	21621,60		
3130	12207,00	15681,30	21690,90		
3140	12246,00	15731,40	21760,20		
3150	12285,00	15781,50	21829,50		
3160	12324,00	15831,60	21898,80		
3170	12363,00	15881,70	21968,10		
3180	12402,00	15931,80	22037,40		
3190	12441,00	15981,90	22106,70		
3200	12480,00	16032,00	22176,00		
3210	12519,00	16082,10	22245,30		
3220	12558,00	16132,20	22314,60		
3230	12597,00	16182,30	22383,90		
3240	12636,00	16232,40	22453,20		
3250	12675,00	16282,50	22522,50		
3260	12714,00	16332,60	22591,80		
3270	12753,00	16382,70	22661,10		
3280	12792,00	16432,80	22730,40		
3290	12831,00	16482,90	22799,70		
3300	12870,00	16533,00	22869,00		
3310	12909,00	16583,10	22938,30		
3320	12948,00	16633,20	23007,60		
3330	12987,00	16683,30	23076,90		
3340	13026,00	16733,40	23146,20		
3350	13065,00	16783,50	23215,50		
3360	13104,00	16833,60	23284,80		
3370	13143,00	16883,70	23354,10		
3380	13182,00	16933,80	23423,40		
3390	13221,00	16983,90	23492,70		
3400	13260,00	17034,00	23562,00		
3410	13299,00	17084,10	23631,30		
3420	13338,00	17134,20	23700,60		
3430	13377,00	17184,30	23769,90		
3440	13416,00	17234,40	23839,20		
3450	13455,00	17284,50	23908,50		
3460	13494,00	17334,60	23977,80		
3470	13533,00	17384,70	24047,10		
3480	13572,00	17434,80	24116,40		
3490	13611,00	17484,90	24185,70		
3500	13650,00	17535,00	24255,00		
3510	13689,00	17585,10	24324,30		
3520	13728,00	17635,20	24393,60		
3530	13767,00	17685,30	24462,90		
3540	13806,00	17735,40	24532,20		
3550	13845,00	17785,50	24601,50		
3560	13884,00	17835,60	24670,80		
3570	13923,00	17885,70	24740,10		
3580	13962,00	17935,80	24809,40		
3590	14001,00	17985,90	24878,70		
3600	14040,00	18036,00	24948,00		
3610	14079,00	18086,10	25017,30		
3620	14118,00	18136,20	25086,60		
3630	14157,00	18186,30	25155,90		
3640	14196,00	18236,40	25225,20		
3650	14235,00	18286,50	25294,50		
3660	14274,00	18336,60	25363,80		
3670	14313,00	18386,70	25433,10		
3680	14352,00	18436,80	25502,40		
3690	14391,00	18486,90	25571,70		
3700	14430,00	18537,00	25641,00		
3710	14469,00	18587,10	25710,30		
3720	14508,00	18637,20	25779,60		
3730	14547,00	18687,30	25848,90		
3740	14586,00	18737,40	25918,20		
3750	14625,00	18787,50	25987,50		
3760	14664,00	18837,60	26056,80		
3770	14703,00	18887,70	26126,10		
3780	14742,00	18937,80	26195,40		
3790	14781,00	18987,90	26264,70		
3800	14820,00	19038,00	26334,00		
3810	14859,00	19088,10	26403,30		
3820	14898,00	19138,20	26472,60		
3830	14937,00	19188,30	26541,90		
3840	14976,00	19238,40	26611,20		
3850	15015,00	19288,50	26680,50		
3860	15054,00	19338,60	26749,80		
3870	15093,00	19388,70	26819,10		
3880	15132,00	19438,80	26888,40		
3890	15171,00	19488,90	26957,70		
3900	15210,00	19539,00	27027,00		
3910	15249,00	19589,10	27096,30		
3920	15288,00	19639,20	27165,60		
3930	15327,00	19689,30	27234,90		
3940	15366,00	19739,40	27304,20		
3950	15405,00	19789,50	27373,50		
3960	15444,00	19839,60	27442,80		
3970	15483,00	19889,70	27512,10		
3980	15522,00	19939,80	27581,40		
3990	15561,00	19989,90	27650,70		
4000	15600,00	20040,00	27720,00		
4010	15639,00	20090,10	27789,30		
4020	15678,00	20140,20	27858,60		
4030	15717,00	20190,30	27927,90		
4040	15756,00	20240,40	27997,20		
4050	15795,00	20290,50	28066,50		
4060	15834,00	20340,60	28135,80		
4070	15873,00	20390,70	28205,10		
4080	15912,00	20440,80	28274,40		
4090	15951,00	20490,90	28343,70		
4100	15990,00	20541,00	28413,00		
4110	16029,00	20591,10	28482,30		
4120	16068,00	20641,20	28551,60		
4130	16107,00	20691,30	28620,90		
4140	16146,00	20741,40	28690,20		
4150	16185,00	20791,50	28759,50		
4160	16224,00	20841,60	28828,80		
4170	16263,00	20891,70	28898,10		
4180	16302,00	20941,80	28967,40		
4190	16341,00	20991,90	29036,70		
4200	16380,00	21042,00	29106,00		
4210	16419,00	21092,10	29175,30		
4220	16458,00	21142,20	29244,60		
4230	16497,00	21192,30	29313,90		
4240	16536,00	21242,40	29383,20		
4250	16575,00	21292,50	29452,50		
4260	16614,00	21342,60	29521,80		
4270	16653,00	21392,70	29591,10		
4280	16692,00	21442,80	29660,40		
4290	16731,00	21492,90	29729,70		
4300	16770,00	21543,00	29799,00		
4310	16809,00	21593,10	29868,30		
4320	16848,00	21643,20	29937,60		
4330	16887,00	21693,30	30006,90		
4340	16926,00	21743,40	30076,20		
4350	16965,00	21793,50	30145,50		
4360	17004,00	21843,60	30214,80		
4370	17043,00	21893,70	30284,10		
4380	17082,00	21943,80	30353,40		
4390	17121,00	21993,90	30422,70		
4400	17160,00	22044,00	30492,00		
4410	17199,00	22094,10	30561,30		
4420	17238,00	22144,20	30630,60		
4430	17277,00	22194,30	30699,90		
4440	17316,00	22244,40	30769,20		
4450	17355,00	22294,50	30838,50		
4460	17394,00	22344,60	30907,80		
4470	17433,00	22394,70	30977,10		
4480	17472,00	22444,80	31046,40		
4490	17511,00	22494,90	31115,70		
4500	17550,00	22545,00	31185,00		
4510	17589,00	22595,10	31254,30		
4520	17628,00	22645,20	31323,60		
4530	17667,00	22695,30	31392,90		
4540	17706,00	22745,40	31462,20		
4550	17745,00	22795,50	31531,50		
4560	17784,00	22845,60	31600,80		
4570	17823,00	22895,70	31670,10		
4580	17862,00	22945,80	31739,40		
4590	17901,00	22995,90	31808,70		
4600	17940,00	23046,00	31878,00		
4610	17979,00	23096,10	31947,30		
4620	18018,00	23146,20	32016,60		
4630	18057,00	23196,30	32085,90		
4640	18096,00	23246,40	32155,20		
4650	18135,00	23296,50	32224,50		
4660	18174,00	23346,60	32293,80		
4670	18213,00	23396,70	32363,10		
4680	18252,00	23446,80	32432,40		
4690	18291,00	23496,90	32501,70		
4700	18330,00	23547,00	32571,00		
4710	18369,00	23597,10	32640,30		
4720	18408,00	23647,20	32709,60		
4730	18447,00	23697,30	32778,90		
4740	18486,00	23747,40	32848,20		
4750	18525,00	23797,50	32917,50		
4760	18564,00	23847,60	32986,80		
4770	18603,00	23897,70	33056,10		
4780	18642,00	23947,80	33125,40		
4790	18681,00	23997,90	33194,70		
4800	18720,00	24048,00	33264,00		
4810	18759,00	24098,10	33333,30		
4820	18798,00	24148,20	33402,60		
4830	18837,00	24198,30	33471,90		
4840	18876,00	24248,40	33541,20		
4850	18915,00	24298,50	33610,50		
4860	18954,00	24348,60	33679,80		
4870	18993,00	24398,70	33749,10		
4880	19032,00	24448,80	33818,40		
4890	19071,00	24498,90	33887,70		
4900	19110,00	24549,00	33957,00		
4910	19149,00	24599,10	34026,30		
4920	19188,00	24649,20	34095,60		
4930	19227,00	24699,30	34164,90		
4940	19266,00	24749,40	34234,20		
4950	19305,00	24799,50	34303,50		
4960	19344,00	24849,60	34372,80		
4970	19383,00	24899,70	34442,10		
4980	19422,00	24949,80	34511,40		
4990	19461,00	24999,90	34580,70		
5000	19500,00	25050,00	34650,00		